2012-01-04	2211.9950	2217.5200	2168.6440	2169.3900
2012-01-05	2160.8980	2183.4040	2145.5560	2148.4520
2012-01-06	2148.1470	2164.3220	2132.6260	2163.3950
2012-01-09	2164.7410	2226.2180	2148.4530	2225.8900
2012-01-10	2221.8320	2288.6280	2218.2750	2285.7440
2012-01-11	2282.9130	2290.6440	2265.1850	2276.0460
2012-01-12	2268.7390	2295.2240	2265.2560	2275.0100
2012-01-13	2277.0800	2281.5320	2225.7360	2244.5800
2012-01-16	2230.4330	2241.2590	2206.0450	2206.1930
2012-01-17	2206.5310	2298.3760	2196.1170	2298.3760
2012-01-18	2298.8340	2311.5790	2257.8980	2266.3840
2012-01-19	2266.0760	2305.7070	2259.3370	2296.0750
2012-01-20	2300.5000	2322.8910	2293.8930	2319.1180
2012-01-30	2324.4930	2324.4930	2284.2910	2285.0380
2012-01-31	2285.9540	2296.3840	2277.0560	2292.6100
2012-02-01	2288.0660	2305.8630	2263.3420	2268.0800
2012-02-02	2273.8500	2312.5560	2268.6870	2312.5560
2012-02-03	2306.6560	2336.2670	2300.9820	2330.4050
2012-02-06	2334.2480	2341.5750	2317.4220	2331.1360
2012-02-07	2319.4210	2319.7080	2278.8250	2291.9020
2012-02-08	2291.8120	2350.9650	2286.8190	2347.5300
2012-02-09	2344.2240	2363.6130	2333.9350	2349.5890
2012-02-10	2342.0110	2368.9790	2339.8850	2351.9810
2012-02-13	2332.0550	2365.3390	2325.0280	2351.8550
2012-02-14	2348.8770	2352.4690	2332.2470	2344.7710
2012-02-15	2340.4550	2374.2820	2335.1010	2366.7020
2012-02-16	2363.8970	2373.8040	2342.0730	2356.8600
2012-02-17	2366.6300	2372.5120	2344.7600	2357.1810
2012-02-20	2383.6860	2388.0090	2362.0120	2363.5970
2012-02-21	2365.4870	2382.1460	2345.0530	2381.4300
2012-02-22	2380.5040	2404.4420	2374.0300	2403.5870
2012-02-23	2401.7380	2416.8050	2396.7100	2409.5540
2012-02-24	2410.8810	2439.9770	2405.2740	2439.6280
2012-02-27	2447.4060	2478.3750	2444.6290	2447.0570
2012-02-28	2440.9140	2458.6510	2431.8280	2451.8570
2012-02-29	2446.2280	2453.0670	2426.3290	2428.4870
2012-03-01	2418.7880	2437.8740	2418.3340	2426.1150
2012-03-02	2430.0980	2461.1210	2430.0980	2460.6930
2012-03-05	2464.8490	2469.8410	2442.1150	2445.0020
2012-03-06	2439.7790	2442.0010	2406.0560	2410.4450
2012-03-07	2391.2030	2413.6950	2388.5190	2394.7940
2012-03-08	2401.1020	2426.6980	2401.1020	2420.2760
2012-03-09	2425.8850	2440.5110	2414.9660	2439.4620
2012-03-12	2438.5460	2440.8570	2420.8400	2434.8590
2012-03-13	2432.8430	2457.2200	2428.6090	2455.7950
2012-03-14	2464.9150	2476.2160	2382.8360	2391.2300
2012-03-15	2388.0630	2403.7420	2366.0240	2373.7740
2012-03-16	2377.7570	2406.1480	2368.3110	2404.7360
2012-03-19	2401.2170	2412.3360	2383.6740	2410.1840
2012-03-20	2407.5420	2407.5420	2376.0310	2376.8390
2012-03-21	2384.7090	2396.7220	2361.2220	2378.1950
2012-03-22	2376.9910	2386.0990	2364.1300	2375.7720
2012-03-23	2369.0770	2371.2630	2342.1200	2349.5390
2012-03-26	2349.0860	2357.9960	2339.1410	2350.5990
2012-03-27	2358.5450	2363.7660	2344.3040	2347.1790
2012-03-28	2341.0030	2341.4200	2281.4330	2284.8810
2012-03-29	2276.7400	2280.9580	2242.3450	2252.1600
2012-03-30	2256.0420	2266.2080	2246.2450	2262.7880
2012-04-05	2258.0310	2303.8240	2251.3930	2302.2410
2012-04-06	2299.0550	2309.6400	2291.5590	2306.5530
2012-04-09	2300.0510	2304.6500	2284.4420	2285.7770
2012-04-10	2281.0240	2306.3870	2258.8530	2305.8630
2012-04-11	2286.7160	2319.0530	2280.0350	2308.9250
2012-04-12	2310.4840	2351.0550	2307.8410	2350.8640
2012-04-13	2351.5130	2369.7010	2346.9440	2359.1610
2012-04-16	2346.3070	2364.1110	2342.1990	2357.0260
2012-04-17	2355.3690	2363.0130	2333.3410	2334.9850
2012-04-18	2341.1350	2383.6400	2337.8570	2380.8480
2012-04-19	2378.6320	2386.9780	2369.4590	2378.6340
2012-04-20	2374.6620	2407.2940	2372.1300	2406.8630
2012-04-23	2403.5210	2411.5100	2383.0680	2388.5880
2012-04-24	2380.2360	2415.7490	2350.3990	2388.8340
2012-04-25	2382.2110	2411.4210	2376.6260	2406.8130
2012-04-26	2408.5580	2414.7540	2393.2650	2404.6970
2012-04-27	2402.4310	2408.4200	2393.8670	2396.3160
2012-05-02	2421.0820	2446.3500	2407.7880	2438.4360
2012-05-03	2433.5890	2441.9530	2427.7280	2440.0800
2012-05-04	2437.4650	2453.7310	2427.9690	2452.0140
2012-05-07	2441.7570	2451.9470	2432.7360	2451.9470
2012-05-08	2451.5750	2451.5980	2431.0250	2448.8840
2012-05-09	2432.4720	2432.4720	2407.5090	2408.5870
2012-05-10	2409.9450	2419.1210	2402.2040	2410.2300
2012-05-11	2406.0740	2415.9770	2393.3780	2394.9830
2012-05-14	2408.2620	2411.2720	2377.9830	2380.7250
2012-05-15	2367.0830	2376.5940	2354.6140	2374.8430
2012-05-16	2369.2950	2372.0320	2344.5000	2346.1920
2012-05-17	2347.1770	2383.3060	2342.3520	2378.8860
2012-05-18	2364.8990	2369.5980	2338.2410	2344.5200
2012-05-21	2343.5760	2360.3860	2330.3250	2348.3000
2012-05-22	2355.7320	2374.0560	2354.8680	2373.3070
2012-05-23	2369.2650	2378.0770	2350.5480	2363.4370
2012-05-24	2359.6820	2373.0570	2344.5800	2350.9730
2012-05-25	2350.5410	2355.8080	2327.4080	2333.5530
2012-05-28	2325.3170	2361.7440	2309.0720	2361.3670
2012-05-29	2361.0030	2393.2790	2358.3740	2389.6360
2012-05-30	2385.3920	2391.6910	2378.1330	2384.6680
2012-05-31	2370.0070	2382.9890	2362.3140	2372.2340
2012-06-01	2373.2240	2388.0870	2365.4420	2373.4360
2012-06-04	2346.9840	2348.1990	2308.2290	2308.5500
2012-06-05	2313.7410	2323.2980	2304.0460	2311.9160
2012-06-06	2315.5610	2323.1130	2301.0350	2309.5550
2012-06-07	2324.6720	2328.6720	2288.6650	2293.1300
2012-06-08	2306.2190	2306.8820	2276.7140	2281.4470
2012-06-11	2282.8910	2311.7720	2278.1630	2305.8560
2012-06-12	2295.0700	2298.9500	2280.9510	2289.7910
2012-06-13	2289.7070	2319.7140	2284.6500	2318.9240
2012-06-14	2306.7810	2314.5850	2293.0650	2295.9460
2012-06-15	2299.7810	2314.2420	2283.4000	2306.8500
2012-06-18	2313.5300	2325.0520	2309.7090	2316.0520
2012-06-19	2313.4550	2313.4550	2298.3940	2300.7950
2012-06-20	2300.4060	2304.4580	2291.5410	2292.8770
2012-06-21	2288.4540	2288.4540	2253.7890	2260.8770
2012-06-25	2253.5140	2253.5140	2223.0540	2224.1140
2012-06-26	2214.6490	2229.2400	2203.9440	2222.0670
2012-06-27	2219.9440	2233.5430	2213.3230	2216.9340
2012-06-28	2220.2360	2224.1550	2195.3560	2195.8430
2012-06-29	2190.5760	2226.4850	2188.7160	2225.4310
2012-07-02	2234.3200	2234.8730	2215.3580	2226.1100
2012-07-03	2225.5680	2244.8320	2219.0500	2229.1930
2012-07-04	2233.3350	2239.2700	2219.4480	2227.3150
2012-07-05	2218.2160	2218.2160	2192.6480	2201.3530
2012-07-06	2203.7300	2227.4730	2185.5220	2223.5790
2012-07-09	2210.7140	2216.6970	2168.6080	2170.8140
2012-07-10	2166.9470	2178.1950	2156.7260	2164.4370
2012-07-11	2160.0200	2176.4910	2156.5960	2175.3830
2012-07-12	2172.0640	2197.0440	2152.6750	2185.4910
2012-07-13	2180.1720	2198.6610	2177.9240	2185.8950
2012-07-16	2187.8870	2188.0630	2146.1540	2147.9550
2012-07-17	2142.4300	2165.3350	2141.4810	2161.1860
2012-07-18	2159.8570	2170.2960	2138.7920	2169.0990
2012-07-19	2164.2740	2197.7900	2159.9430	2184.8410
2012-07-20	2180.0120	2185.7330	2162.0640	2168.6380
2012-07-23	2154.1710	2154.1710	2135.5630	2141.4020
2012-07-24	2132.3170	2158.9480	2131.0130	2146.5890
2012-07-25	2141.0360	2151.4500	2132.8330	2136.1510
2012-07-26	2134.9870	2147.6640	2124.1550	2126.0040
2012-07-27	2132.0090	2139.1540	2120.6300	2128.7650
2012-07-30	2128.1590	2137.7360	2107.6340	2109.9140
2012-07-31	2109.3250	2116.9040	2100.2520	2103.6340
2012-08-01	2101.7230	2130.7120	2101.7080	2123.3600
2012-08-02	2120.1460	2126.4600	2103.4950	2111.1820
2012-08-03	2113.9640	2133.2660	2108.3300	2132.7960
2012-08-06	2129.1480	2158.6810	2127.2630	2154.9160
2012-08-07	2153.0930	2159.6830	2148.8970	2157.6200
2012-08-08	2158.9820	2168.7340	2153.0200	2160.9900
2012-08-09	2159.4340	2175.5450	2148.6940	2174.1020
2012-08-10	2172.9640	2176.7950	2165.2840	2168.8140
2012-08-13	2164.0430	2164.0430	2134.5540	2136.0780
2012-08-14	2137.0470	2144.0060	2119.2530	2142.5250
2012-08-15	2138.2780	2139.1420	2118.5030	2118.9450
2012-08-16	2116.0800	2122.6830	2109.6580	2112.1970
2012-08-17	2111.6530	2120.7140	2100.7870	2114.8910
2012-08-20	2102.2310	2110.7800	2089.0180	2106.9570
2012-08-21	2106.3810	2124.1950	2103.0710	2118.2680
2012-08-22	2118.8810	2121.1490	2097.6050	2107.7110
2012-08-23	2106.9600	2118.7360	2097.0830	2113.0720
2012-08-24	2108.3600	2109.8220	2089.2170	2092.1040
2012-08-27	2085.3730	2085.3730	2055.3770	2055.7080
2012-08-28	2054.9670	2083.9560	2052.4920	2073.1540
2012-08-29	2066.8200	2073.9490	2051.7750	2053.2350
2012-08-30	2044.0330	2060.1850	2032.5370	2052.5850
2012-08-31	2046.2890	2059.3020	2044.6500	2047.5220
2012-09-03	2044.8250	2066.7800	2041.1610	2059.1470
2012-09-04	2060.6130	2063.8170	2039.2660	2043.6490
2012-09-05	2038.8730	2048.3190	2029.0540	2037.6810
2012-09-06	2040.6680	2052.9500	2036.3660	2051.9180
2012-09-07	2062.9900	2145.0030	2062.9900	2127.7620
2012-09-10	2128.0650	2140.1680	2120.4860	2134.8930
2012-09-11	2127.5190	2127.5190	2107.2190	2120.5540
2012-09-12	2129.6870	2137.8900	2109.1370	2126.5540
2012-09-13	2123.8400	2130.0790	2109.9960	2110.3790
2012-09-14	2127.3890	2136.2260	2111.1200	2123.8470
2012-09-17	2120.6170	2121.5830	2077.4840	2078.5000
2012-09-18	2069.3430	2074.7620	2053.6620	2059.5430
2012-09-19	2061.0610	2069.9500	2055.1980	2067.8310
2012-09-20	2060.3060	2060.3060	2023.0850	2024.8370
2012-09-21	2020.5540	2041.9480	2018.2630	2026.6900
2012-09-24	2015.7670	2040.8500	2005.2630	2033.1920
2012-09-25	2028.6330	2039.0960	2021.8090	2029.2930
2012-09-26	2027.8550	2033.0360	1999.4840	2004.1720
2012-09-27	2003.0990	2068.0710	2002.3240	2056.3230
2012-09-28	2042.8860	2089.6330	2040.3500	2086.1690
2012-10-08	2084.8490	2096.2590	2063.0890	2074.4190
2012-10-09	2081.5890	2119.3360	2081.5890	2115.2300
2012-10-10	2111.5870	2121.9920	2102.5350	2119.9420
2012-10-11	2114.2320	2117.8390	2101.1400	2102.8680
2012-10-12	2109.0700	2127.3070	2092.5110	2104.9320
2012-10-15	2105.0240	2107.1990	2085.1150	2098.7030
2012-10-16	2097.0500	2111.7800	2089.6950	2098.8080
2012-10-17	2104.2800	2113.1620	2088.0440	2105.6180
2012-10-18	2108.4980	2137.6860	2107.4920	2131.6880
2012-10-19	2129.8200	2136.8690	2125.7360	2128.3020
2012-10-22	2118.5210	2138.0270	2112.7520	2132.7580
2012-10-23	2132.1080	2136.2180	2111.9230	2114.4470
2012-10-24	2106.8300	2123.9980	2104.6700	2115.9900
2012-10-25	2114.7640	2128.7400	2100.6090	2101.5800
2012-10-26	2100.1000	2102.1620	2058.0630	2066.2090
2012-10-29	2061.8470	2068.2370	2053.0920	2058.9430
2012-10-30	2059.2020	2075.9050	2054.2640	2062.3470
2012-10-31	2061.1240	2070.4790	2053.5830	2068.8800
2012-11-01	2070.0200	2109.4960	2069.9470	2104.4280
2012-11-02	2105.4490	2119.2240	2096.5310	2117.0460
2012-11-05	2113.3280	2123.3270	2104.5840	2114.0270
2012-11-06	2113.6580	2114.7910	2078.4720	2105.9990
2012-11-07	2102.4190	2112.6310	2093.2890	2105.7300
2012-11-08	2091.2540	2092.5650	2070.6500	2071.5090
2012-11-09	2066.4950	2077.2280	2062.4170	2069.0670
2012-11-12	2069.2140	2079.5710	2061.8400	2079.2740
2012-11-13	2078.1330	2078.1330	2044.0360	2047.8890
2012-11-14	2047.2570	2056.4880	2040.1720	2055.4190
2012-11-15	2045.4560	2053.5600	2029.8740	2030.2900
2012-11-16	2026.5630	2028.6860	2001.7160	2014.7250
2012-11-19	2013.2460	2018.3800	1995.7210	2016.9820
2012-11-20	2020.4330	2023.6110	2004.1700	2008.9230
2012-11-21	2008.2110	2031.1490	1995.1740	2030.3190
2012-11-22	2021.2090	2023.0850	2009.7200	2015.6110
2012-11-23	2020.0150	2034.8840	2017.0040	2027.3840
2012-11-26	2023.3390	2027.2740	2014.0290	2017.4640
2012-11-27	2012.0750	2014.2110	1990.3360	1991.1650
2012-11-28	1984.4800	1984.8630	1968.2130	1973.5230
2012-11-29	1972.9250	1980.5560	1961.8220	1963.4880
2012-11-30	1961.8150	1983.4190	1959.3340	1980.1170
2012-12-03	1977.2540	1988.1910	1957.8840	1959.7670
2012-12-04	1956.6160	1980.1190	1949.4570	1975.1430
2012-12-05	1973.1070	2040.6040	1970.2020	2031.9070
2012-12-06	2029.5620	2036.6090	2018.3790	2029.2370
2012-12-07	2028.7660	2065.7450	2023.9610	2061.7860
2012-12-10	2067.3240	2087.0070	2064.6150	2083.7700
2012-12-11	2077.5570	2088.6350	2070.1920	2074.7040
2012-12-12	2073.2710	2085.9340	2066.3910	2082.7260
2012-12-13	2077.4160	2081.3630	2059.4720	2061.4760
2012-12-14	2062.6890	2152.4960	2062.5430	2150.6250
2012-12-17	2152.0970	2169.5700	2151.9360	2160.3420
2012-12-18	2155.8580	2183.7140	2144.7330	2162.4640
2012-12-19	2158.6700	2175.3950	2154.2870	2162.2390
2012-12-20	2156.1930	2174.8190	2142.9510	2168.3530
2012-12-21	2169.5700	2190.3980	2148.1700	2153.3100
2012-12-24	2150.6540	2170.3940	2149.8250	2159.0530
2012-12-25	2154.3200	2220.2630	2146.8620	2213.6110
2012-12-26	2211.5940	2220.4750	2206.7870	2219.1320
2012-12-27	2223.6550	2234.7240	2204.7900	2205.8970
2012-12-28	2207.9130	2234.8690	2204.0030	2233.2520
2012-12-31	2236.4610	2269.5120	2236.4610	2269.1280
2013-01-04	2289.5100	2296.1130	2256.5600	2276.9920
2013-01-07	2271.6630	2293.3170	2266.8620	2285.3640
2013-01-08	2284.6540	2289.1390	2262.9790	2276.0700
2013-01-09	2271.2990	2283.8960	2259.0510	2275.3400
2013-01-10	2274.3770	2295.4840	2268.6480	2283.6580
2013-01-11	2285.1850	2290.2050	2234.9470	2242.9970
2013-01-14	2236.2880	2317.6170	2235.1070	2311.7400
2013-01-15	2312.4680	2332.7830	2309.3230	2325.6820
2013-01-16	2322.1580	2326.7640	2279.5070	2309.4990
2013-01-17	2305.1400	2305.6020	2275.8770	2284.9090
2013-01-18	2295.8090	2324.5090	2285.9720	2317.0700
2013-01-21	2321.4900	2329.5810	2305.0990	2328.2210
2013-01-22	2326.4900	2335.8060	2301.3010	2315.1390
2013-01-23	2308.5210	2325.1180	2296.4910	2320.9110
2013-01-24	2320.2580	2362.9430	2287.2960	2302.5980
2013-01-25	2300.0010	2308.3800	2288.2620	2291.3040
2013-01-28	2295.3520	2346.9210	2295.3520	2346.5050
2013-01-29	2347.2150	2363.7970	2337.3530	2358.9770
2013-01-30	2360.7480	2383.7630	2347.8900	2382.4750
2013-01-31	2383.4260	2391.8210	2371.2260	2385.4220
2013-02-01	2377.4140	2421.1540	2369.5700	2419.0200
2013-02-04	2425.9210	2440.3760	2417.5850	2428.1540
2013-02-05	2411.0010	2437.4150	2403.3020	2433.1300
2013-02-06	2432.6770	2441.7260	2427.6990	2434.4770
2013-02-07	2430.6880	2433.8930	2394.2180	2418.5300
2013-02-08	2416.6190	2443.0320	2414.3980	2432.4020
2013-02-18	2441.9060	2444.8040	2415.4290	2421.5580
2013-02-19	2420.2650	2427.0750	2373.5350	2382.9140
2013-02-20	2383.4930	2397.9410	2370.6080	2397.1780
2013-02-21	2378.8220	2378.8220	2309.1710	2325.9510
2013-02-22	2322.9400	2330.8790	2308.7600	2314.1640
2013-02-25	2320.6180	2338.7800	2315.0120	2325.8190
2013-02-26	2313.7400	2340.7090	2289.8870	2293.3410
2013-02-27	2297.7670	2324.6270	2292.0340	2313.2200
2013-02-28	2322.3230	2366.1640	2308.9160	2365.5930
2013-03-01	2364.5440	2369.6490	2330.8580	2359.5060
2013-03-04	2332.0800	2333.5400	2259.2470	2273.4040
2013-03-05	2274.8080	2328.1430	2270.1000	2326.3060
2013-03-06	2333.6150	2351.4410	2321.6000	2347.1790
2013-03-07	2340.4360	2352.0210	2304.2700	2324.2930
2013-03-08	2326.4170	2333.6670	2314.5870	2318.6110
2013-03-11	2314.6830	2320.9610	2296.5830	2310.5930
2013-03-12	2309.1580	2333.2860	2264.8290	2286.6050
2013-03-13	2282.1700	2286.3290	2253.2490	2263.9680
2013-03-14	2255.7750	2276.2220	2253.3100	2270.2770
2013-03-15	2269.3150	2312.0780	2250.0050	2278.4010
2013-03-18	2267.2870	2276.0500	2239.2140	2240.0160
2013-03-19	2244.2650	2261.3140	2232.0230	2257.4340
2013-03-20	2257.7370	2317.8600	2257.4210	2317.3740
2013-03-21	2318.2050	2330.8130	2311.6030	2324.2420
2013-03-22	2321.4030	2331.9950	2314.9670	2328.2780
2013-03-25	2334.7350	2344.8940	2319.9080	2326.7150
2013-03-26	2318.5780	2319.9880	2281.1180	2297.6690
2013-03-27	2299.3770	2323.4770	2288.9950	2301.2590
2013-03-28	2273.5520	2273.5520	2232.9060	2236.3020
2013-03-29	2238.4850	2246.8680	2228.8130	2236.6210
2013-04-01	2229.4600	2243.9490	2227.3140	2234.3950
2013-04-02	2234.9010	2253.4210	2220.4390	2227.7400
2013-04-03	2232.6940	2241.3400	2217.2520	2225.2950
2013-04-08	2196.2380	2212.5860	2180.6730	2211.5920
2013-04-09	2215.4670	2234.7250	2215.4670	2225.7750
2013-04-10	2224.9340	2233.0400	2212.5610	2226.1260
2013-04-11	2236.9830	2242.4790	2217.2650	2219.5530
2013-04-12	2218.0950	2226.2620	2204.4380	2206.7800
2013-04-15	2199.9140	2204.9870	2177.3880	2181.9420
2013-04-16	2169.6300	2196.4320	2165.7840	2194.8460
2013-04-17	2195.0320	2197.5080	2178.4680	2193.7960
2013-04-18	2181.8220	2206.0270	2175.4440	2197.6020
2013-04-19	2201.1220	2250.1100	2200.5840	2244.6430
2013-04-22	2236.4020	2245.1190	2232.2580	2242.1690
2013-04-23	2242.6160	2242.6160	2182.8060	2184.5380
2013-04-24	2187.3490	2226.1170	2184.1090	2218.3180
2013-04-25	2213.1850	2224.6300	2191.8480	2199.3070
2013-04-26	2203.8890	2210.5810	2173.8640	2177.9120
2013-05-02	2170.7830	2179.6470	2161.1400	2174.1230
2013-05-03	2179.0490	2222.8110	2179.0490	2205.4970
2013-05-06	2212.4950	2236.0660	2212.4950	2231.1660
2013-05-07	2227.8610	2240.2560	2219.4350	2235.5750
2013-05-08	2242.3930	2255.2080	2235.4170	2246.3000
2013-05-09	2246.9630	2247.8640	2221.3840	2232.9710
2013-05-10	2228.8190	2247.6740	2225.8120	2246.8310
2013-05-13	2247.6780	2250.8540	2231.3630	2241.9200
2013-05-14	2238.9040	2239.9260	2205.8730	2217.0100
2013-05-15	2217.0860	2225.1860	2213.5820	2224.7970
2013-05-16	2221.3370	2252.8720	2210.7700	2251.8060
2013-05-17	2249.8110	2288.0910	2248.4130	2282.8700
2013-05-20	2286.3280	2309.3920	2281.8990	2299.9860
2013-05-21	2297.1100	2305.3010	2290.1240	2305.1140
2013-05-22	2303.7500	2314.1830	2292.4310	2302.4030
2013-05-23	2293.8090	2304.9530	2274.1020	2275.6670
2013-05-24	2281.4450	2292.5950	2270.2500	2288.5330
2013-05-27	2286.6610	2301.7020	2283.9350	2293.0770
2013-05-28	2293.4000	2322.0990	2281.4680	2321.3180
2013-05-29	2323.5390	2334.3350	2321.1660	2324.0170
2013-05-30	2316.2530	2325.7210	2310.4920	2317.7490
2013-05-31	2320.7390	2325.5340	2299.3690	2300.5950
2013-06-03	2300.2090	2313.4250	2294.1130	2299.2520
2013-06-04	2297.1000	2297.1000	2264.7610	2272.4160
2013-06-05	2270.7120	2276.8650	2260.8710	2270.9310
2013-06-06	2264.4250	2266.6920	2240.0700	2242.1100
2013-06-07	2242.2630	2250.6290	2205.0660	2210.8980
2013-06-13	2190.1010	2190.1010	2126.2160	2148.3550
2013-06-14	2150.0600	2163.8460	2142.7800	2162.0410
2013-06-17	2165.9940	2169.3560	2147.0290	2156.2150
2013-06-18	2158.5460	2161.6810	2138.3470	2159.2910
2013-06-19	2150.8160	2150.8160	2115.7930	2143.4540
2013-06-20	2132.8130	2132.8130	2082.8250	2084.0210
2013-06-21	2058.9780	2085.8600	2042.8790	2073.0950
2013-06-24	2068.8620	2068.8620	1958.4010	1963.2350
2013-06-25	1948.3150	1963.5660	1849.6530	1959.5080
2013-06-26	1954.4740	1959.1580	1922.8240	1951.4950
2013-06-27	1955.1260	1980.5400	1942.3710	1950.0130
2013-06-28	1935.5160	1987.9840	1925.6510	1979.2060
2013-07-01	1965.9870	1995.9160	1957.5710	1995.2420
2013-07-02	1992.8900	2007.6200	1978.4280	2006.5600
2013-07-03	1996.5060	1996.5370	1965.5190	1994.2680
2013-07-04	1982.8700	2022.1360	1974.1030	2006.0980
2013-07-05	2006.1910	2021.5410	2002.3670	2007.1990
2013-07-08	1983.2150	1983.2150	1953.1210	1958.2730
2013-07-09	1953.6020	1969.1490	1946.3660	1965.4540
2013-07-10	1962.8400	2009.3600	1960.2770	2008.1260
2013-07-11	2011.0200	2092.8680	2010.4000	2072.9910
2013-07-12	2068.0440	2074.8570	2036.0500	2039.4860
2013-07-15	2046.1190	2076.6650	2037.2480	2059.3900
2013-07-16	2054.6000	2066.3630	2038.5350	2065.7200
2013-07-17	2061.1860	2075.8130	2043.2310	2044.9220
2013-07-18	2038.4000	2043.3720	2016.8990	2023.3960
2013-07-19	2025.3170	2035.2200	1990.2530	1992.6480
2013-07-22	1977.7330	2005.4740	1970.6390	2004.7620
2013-07-23	2008.9550	2051.5260	2005.0920	2043.8760
2013-07-24	2035.6910	2042.7730	2010.4240	2033.3290
2013-07-25	2037.3360	2045.3650	2016.4310	2021.1740
2013-07-26	2013.1900	2021.5740	2000.7970	2010.8500
2013-07-29	1997.8380	1997.8380	1969.8530	1976.3060
2013-07-30	1981.4520	2006.2320	1965.3610	1990.0640
2013-07-31	2000.7940	2015.4720	1987.8800	1993.7990
2013-08-01	2000.8180	2029.9280	1997.0580	2029.0670
2013-08-02	2039.5140	2047.0840	2025.6540	2029.4180
2013-08-05	2031.7240	2050.9110	2025.2260	2050.4810
2013-08-06	2043.6530	2066.7400	2034.9570	2060.5000
2013-08-07	2056.3670	2069.5610	2043.7500	2046.7780
2013-08-08	2044.4360	2058.5610	2037.2510	2044.8950
2013-08-09	2052.2440	2061.7080	2030.1270	2052.2350
2013-08-12	2058.4160	2102.3470	2055.7150	2101.2830
2013-08-13	2101.3240	2106.3970	2093.7960	2106.1560
2013-08-14	2109.2250	2122.9650	2093.0430	2100.1370
2013-08-15	2099.2790	2108.4050	2079.9690	2081.8800
2013-08-16	2075.9830	2198.8480	2061.6540	2068.4520
2013-08-19	2055.1280	2091.1320	2052.7030	2085.6020
2013-08-20	2081.9660	2098.9800	2066.0720	2072.5950
2013-08-21	2076.2710	2076.3170	2056.9130	2072.9610
2013-08-22	2069.3130	2083.3330	2062.3670	2067.1240
2013-08-23	2075.9290	2079.8460	2029.3650	2057.4580
2013-08-26	2061.4170	2097.3440	2056.1330	2096.4740
2013-08-27	2095.4400	2105.3760	2090.4250	2103.5670
2013-08-28	2092.3110	2113.8170	2080.8610	2101.3010
2013-08-29	2108.4360	2110.8940	2088.2360	2097.2270
2013-08-30	2097.2170	2114.3930	2089.0950	2098.3820
2013-09-02	2104.0900	2108.6830	2078.4550	2098.4480
2013-09-03	2100.4490	2123.8470	2095.4550	2123.1120
2013-09-04	2121.6800	2132.9960	2115.7530	2127.6180
2013-09-05	2125.2550	2127.8550	2115.2360	2122.4300
2013-09-06	2119.3330	2143.2440	2119.0210	2139.9930
2013-09-09	2151.3470	2218.5290	2151.3470	2212.5160
2013-09-10	2214.8140	2238.5510	2202.8170	2237.9840
2013-09-11	2244.9620	2258.0750	2233.0030	2241.2680
2013-09-12	2236.1710	2270.2680	2226.2880	2255.6050
2013-09-13	2251.4620	2259.4240	2228.4830	2236.2170
2013-09-16	2244.4630	2248.4710	2226.1710	2231.4010
2013-09-17	2230.3880	2230.9290	2184.9220	2185.5600
2013-09-18	2185.9360	2195.9040	2172.0430	2191.8510
2013-09-23	2199.3610	2223.0680	2198.3360	2221.0440
2013-09-24	2219.4670	2219.5430	2187.2360	2207.5310
2013-09-25	2206.2250	2217.9740	2193.7220	2198.5150
2013-09-26	2192.2260	2192.2260	2154.7210	2155.8090
2013-09-27	2150.9610	2165.7770	2149.5940	2160.0270
2013-09-30	2167.7340	2176.3030	2165.1620	2174.6650
2013-10-08	2171.9040	2200.0180	2161.4890	2198.1990
2013-10-09	2191.3920	2212.3470	2185.1810	2211.7690
2013-10-10	2214.4050	2214.5920	2186.4800	2190.9290
2013-10-11	2201.4090	2228.8710	2200.5300	2228.1460
2013-10-14	2232.2180	2242.9840	2226.4030	2237.7730
2013-10-15	2237.9310	2240.2500	2221.1390	2233.4120
2013-10-16	2228.1130	2228.1130	2183.4030	2193.0740
2013-10-17	2201.7100	2211.0300	2183.2460	2188.5420
2013-10-18	2188.7140	2203.2910	2184.3600	2193.7800
2013-10-21	2198.1140	2230.2850	2190.3940	2229.2370
2013-10-22	2227.3410	2227.3410	2204.2440	2210.6520
2013-10-23	2213.2740	2226.8470	2177.7250	2183.1070
2013-10-24	2178.8200	2183.4120	2159.8710	2164.3220
2013-10-25	2163.6890	2170.6120	2122.6780	2132.9550
2013-10-28	2135.8790	2140.9570	2123.0690	2133.8690
2013-10-29	2135.2260	2163.6570	2093.1970	2128.8640
2013-10-30	2126.6900	2161.9350	2121.8410	2160.4630
2013-10-31	2155.5110	2155.5110	2137.4660	2141.6140
2013-11-01	2139.8800	2157.3130	2132.6290	2149.5620
2013-11-04	2156.0870	2160.5780	2143.2070	2149.6340
2013-11-05	2139.8370	2158.1480	2124.8450	2157.2400
2013-11-06	2149.3900	2166.1710	2138.7800	2139.6070
2013-11-07	2136.6270	2141.6000	2119.1860	2129.4000
2013-11-08	2120.9230	2128.5810	2103.5100	2106.1270
2013-11-11	2103.2990	2117.2800	2093.6260	2109.4710
2013-11-12	2110.7240	2127.9380	2108.3960	2126.7720
2013-11-13	2117.8860	2117.9120	2086.0060	2087.9410
2013-11-14	2087.1190	2102.3800	2078.9880	2100.5060
2013-11-15	2100.9000	2153.2130	2100.7860	2135.8270
2013-11-18	2147.3730	2198.3160	2143.7680	2197.2190
2013-11-19	2198.3180	2203.2970	2186.1140	2193.1250
2013-11-20	2201.4740	2207.1050	2186.6420	2206.6130
2013-11-21	2197.0080	2206.5310	2177.7350	2205.7660
2013-11-22	2206.4710	2211.0660	2188.7670	2196.3780
2013-11-25	2186.0580	2209.1480	2181.4180	2186.1150
2013-11-26	2184.3320	2192.5790	2176.1770	2183.0730
2013-11-27	2181.7250	2207.6170	2176.8470	2201.0700
2013-11-28	2204.3780	2234.3870	2202.6230	2219.3720
2013-11-29	2221.6180	2224.9440	2212.2630	2220.5040
2013-12-02	2203.1220	2231.9210	2172.6330	2207.3710
2013-12-03	2196.8240	2227.9250	2193.2510	2222.6700
2013-12-04	2219.9650	2260.8710	2215.9160	2251.7620
2013-12-05	2252.7230	2255.2610	2239.1440	2247.0630
2013-12-06	2242.5630	2248.1470	2228.6320	2237.1080
2013-12-09	2241.7930	2249.1690	2231.7340	2238.2000
2013-12-10	2239.8640	2250.5040	2231.6800	2237.4920
2013-12-11	2228.6330	2228.6330	2193.1600	2204.1660
2013-12-12	2199.3170	2214.5480	2194.9010	2202.7960
2013-12-13	2188.2590	2204.6370	2183.8420	2196.0750
2013-12-16	2197.2340	2201.6960	2159.9870	2160.8610
2013-12-17	2161.5360	2165.5430	2146.3140	2151.0790
2013-12-18	2150.4120	2156.5930	2142.6240	2148.2850
2013-12-19	2153.6740	2159.1420	2126.2460	2127.7920
2013-12-20	2128.3740	2131.7370	2082.8550	2084.7940
2013-12-23	2089.5390	2099.5220	2068.5430	2089.7070
2013-12-24	2094.0730	2111.8050	2079.8100	2092.9050
2013-12-25	2095.0190	2107.2320	2088.2970	2106.3540
2013-12-26	2102.6600	2102.6600	2070.5460	2073.0990
2013-12-27	2074.5920	2110.3570	2069.5900	2101.2510
2013-12-30	2108.8830	2112.0090	2095.0630	2097.5290
2013-12-31	2090.6790	2120.2740	2087.4150	2115.9780
2014-01-02	2112.1260	2113.1100	2101.0160	2109.3870
2014-01-03	2101.5420	2102.1670	2075.8990	2083.1360
2014-01-06	2078.6840	2078.6840	2034.0060	2045.7090
2014-01-07	2034.2240	2052.2790	2029.2460	2047.3170
2014-01-08	2047.2560	2062.9520	2037.1100	2044.3400
2014-01-09	2041.7730	2057.1960	2026.4460	2027.6220
2014-01-10	2023.5350	2029.2970	2008.0070	2013.2980
2014-01-13	2014.9780	2027.1810	2000.4040	2009.5640
2014-01-14	2007.1560	2027.4280	2001.1350	2026.8420
2014-01-15	2024.2280	2027.4090	2010.2040	2023.3480
2014-01-16	2022.5380	2034.7070	2014.4070	2023.7010
2014-01-17	2017.5220	2017.8680	2001.3300	2004.9490
2014-01-20	2001.8940	2005.9380	1984.8240	1991.2530
2014-01-21	1992.0150	2014.1520	1992.0150	2008.3130
2014-01-22	2009.9690	2052.3390	2008.9300	2051.7490
2014-01-23	2048.3310	2052.5280	2039.0520	2042.1800
2014-01-24	2037.6670	2060.9860	2034.4530	2054.3920
2014-01-27	2044.2720	2044.8460	2029.6260	2033.3000
2014-01-28	2036.4020	2047.1290	2026.9870	2038.5130
2014-01-29	2042.1760	2051.5830	2039.7710	2049.9140
2014-01-30	2045.9310	2045.9310	2031.4660	2033.0830
2014-02-07	2022.3230	2044.7300	2014.6980	2044.4970
2014-02-10	2049.9840	2087.9750	2049.9840	2086.0670
2014-02-11	2086.1770	2111.0610	2082.5220	2103.6710
2014-02-12	2103.8280	2110.9040	2096.5090	2109.9550
2014-02-13	2106.9340	2122.8260	2096.9660	2098.4010
2014-02-14	2097.3200	2116.1860	2095.0900	2115.8480
2014-02-17	2124.8800	2136.4470	2117.6890	2135.4150
2014-02-18	2134.1430	2134.1430	2113.1280	2119.0660
2014-02-19	2116.9190	2152.9610	2111.1680	2142.5540
2014-02-20	2152.8910	2177.9780	2136.4810	2138.7820
2014-02-21	2131.5920	2132.7030	2098.3280	2113.6930
2014-02-24	2099.7170	2099.7170	2058.7910	2076.6860
2014-02-25	2077.2850	2087.6160	2026.5430	2034.2190
2014-02-26	2026.6100	2041.6270	2014.3810	2041.2540
2014-02-27	2045.0960	2068.3140	2036.3910	2047.3540
2014-02-28	2040.6240	2058.4890	2020.9350	2056.3020
2014-03-03	2052.0750	2078.3330	2047.0670	2075.2350
2014-03-04	2068.1070	2074.0250	2050.1250	2071.4730
2014-03-05	2073.2950	2074.8150	2050.1750	2053.0840
2014-03-06	2050.0320	2065.7900	2030.9460	2059.5780
2014-03-07	2058.3750	2079.4900	2050.4700	2057.9080
2014-03-10	2042.3520	2042.6340	1995.5490	1999.0650
2014-03-11	1994.4150	2008.0710	1985.5990	2001.1570
2014-03-12	1996.2390	2011.0600	1974.3820	1997.6920
2014-03-13	2000.6950	2029.1200	1996.5290	2019.1110
2014-03-14	2008.8250	2017.9130	1990.9800	2004.3390
2014-03-17	2009.8820	2024.3720	1999.2490	2023.6730
2014-03-18	2026.2240	2034.9170	2020.4100	2025.1960
2014-03-19	2019.9800	2022.1810	2002.4410	2021.7340
2014-03-20	2017.2200	2030.8470	1993.0020	1993.4790
2014-03-21	1987.6790	2052.4720	1986.0710	2047.6190
2014-03-24	2050.8270	2074.0560	2043.3300	2066.2790
2014-03-25	2063.3230	2079.5510	2057.4910	2067.3110
2014-03-26	2070.5740	2074.5720	2057.6480	2063.6700
2014-03-27	2060.8120	2073.9820	2042.7130	2046.5880
2014-03-28	2046.8510	2060.1340	2035.2430	2041.7120
2014-03-31	2043.0450	2048.1340	2024.1850	2033.3060
2014-04-01	2031.0050	2050.6810	2028.0960	2047.4600
2014-04-02	2049.4230	2060.7780	2046.7420	2058.9880
2014-04-03	2063.4970	2066.0070	2037.4470	2043.7020
2014-04-04	2037.5520	2060.1040	2035.2210	2058.8310
2014-04-08	2054.5300	2102.4520	2052.9000	2098.2840
2014-04-09	2100.6510	2108.7500	2095.6400	2105.2370
2014-04-10	2105.8760	2146.6700	2098.0790	2134.3000
2014-04-11	2130.3680	2138.6510	2120.1790	2130.5420
2014-04-14	2127.4090	2134.4340	2116.6100	2131.5390
2014-04-15	2125.9020	2125.9020	2098.1500	2101.6010
2014-04-16	2097.2130	2112.0500	2092.1570	2105.1220
2014-04-17	2108.9470	2110.7160	2095.7140	2098.8850
2014-04-18	2091.4800	2099.6370	2081.1850	2097.7480
2014-04-21	2085.9800	2103.0780	2065.2340	2065.8260
2014-04-22	2062.7870	2073.6630	2047.3320	2072.8310
2014-04-23	2068.0840	2076.3490	2059.1090	2067.3820
2014-04-24	2064.1560	2075.7570	2056.1930	2057.0330
2014-04-25	2060.5380	2065.6430	2035.5660	2036.5190
2014-04-28	2033.3370	2035.9900	2000.1370	2003.4870
2014-04-29	2001.8960	2021.6800	1997.6400	2020.3410
2014-04-30	2020.4380	2029.5380	2016.5770	2026.3580
2014-05-05	2022.1780	2028.9570	2007.3510	2027.3530
2014-05-06	2024.2560	2038.7050	2021.4850	2028.0380
2014-05-07	2023.1520	2024.6310	2008.4510	2010.0830
2014-05-08	2006.8530	2036.9410	2005.6850	2015.2740
2014-05-09	2016.5010	2020.4540	2001.3000	2011.1350
2014-05-12	2022.9320	2055.5060	2016.6380	2052.8710
2014-05-13	2055.0790	2061.0600	2043.5470	2050.7280
2014-05-14	2049.2700	2056.5740	2042.7440	2047.9100
2014-05-15	2044.3770	2047.3160	2022.8610	2024.9740
2014-05-16	2023.5960	2027.7560	2012.6940	2026.5040
2014-05-19	2023.0140	2023.2670	1996.0150	2005.1830
2014-05-20	2011.8460	2018.1560	2002.7590	2008.1190
2014-05-21	2001.3060	2025.1940	1991.0550	2024.9510
2014-05-22	2023.1480	2041.9600	2018.8770	2021.2850
2014-05-23	2020.1150	2034.5690	2017.7390	2034.5690
2014-05-26	2042.0280	2045.3810	2035.0940	2041.4760
2014-05-27	2039.7910	2044.1480	2032.8390	2034.5650
2014-05-28	2034.5610	2052.6560	2029.3360	2050.2280
2014-05-29	2051.8400	2057.0770	2039.2380	2040.5950
2014-05-30	2040.3940	2046.9600	2031.3730	2039.2120
2014-06-03	2039.1960	2049.5760	2037.3000	2038.3050
2014-06-04	2037.9890	2038.4810	2012.9130	2024.8340
2014-06-05	2019.4420	2041.7010	2016.1750	2040.8780
2014-06-06	2040.8640	2041.5730	2022.1580	2029.9560
2014-06-09	2024.9420	2045.2550	2023.1980	2030.5020
2014-06-10	2033.2070	2052.7650	2026.3890	2052.5320
2014-06-11	2049.1280	2056.6310	2045.4070	2054.9480
2014-06-12	2051.5820	2057.1050	2045.9620	2051.7130
2014-06-13	2049.2060	2073.5960	2048.6180	2070.7150
2014-06-16	2070.6990	2087.3220	2069.4410	2085.9830
2014-06-17	2080.4820	2080.4820	2064.6660	2066.6980
2014-06-18	2064.3830	2066.9130	2051.7460	2055.5190
2014-06-19	2054.6200	2059.2550	2017.6530	2023.7350
2014-06-20	2013.4140	2027.1480	2010.5300	2026.6740
2014-06-23	2026.2260	2033.3200	2022.9170	2024.3650
2014-06-24	2023.6990	2034.7070	2021.7500	2033.9310
2014-06-25	2030.4330	2030.6160	2018.3600	2025.5020
2014-06-26	2025.6620	2040.7540	2025.3140	2038.6770
2014-06-27	2031.9070	2043.9820	2025.0730	2036.5100
2014-06-30	2038.6130	2052.3420	2038.5270	2048.3270
2014-07-01	2051.2250	2052.6350	2041.9370	2050.3810
2014-07-02	2049.4850	2060.5950	2044.0350	2059.4180
2014-07-03	2051.6320	2066.6410	2048.0810	2063.2290
2014-07-04	2062.3580	2065.0780	2054.2170	2059.3750
2014-07-07	2058.1280	2064.0430	2050.8870	2059.9270
2014-07-08	2058.1340	2064.4330	2047.2040	2064.0210
2014-07-09	2061.6350	2062.4740	2037.6010	2038.6120
2014-07-10	2036.5400	2045.5270	2034.9560	2038.3420
2014-07-11	2033.8690	2051.7370	2033.0040	2046.9610
2014-07-14	2047.7440	2067.3420	2044.9010	2066.6460
2014-07-15	2065.9000	2070.3580	2059.6790	2070.3570
2014-07-16	2068.3430	2075.4930	2061.5720	2067.2760
2014-07-17	2062.8880	2062.8880	2046.1890	2055.5910
2014-07-18	2047.4980	2067.2330	2045.9960	2059.0670
2014-07-21	2057.7670	2061.8230	2049.1750	2054.4790
2014-07-22	2050.5000	2078.0850	2049.8150	2075.4810
2014-07-23	2074.1950	2088.1920	2072.2290	2078.4890
2014-07-24	2079.6320	2107.9460	2079.6320	2105.0620
2014-07-25	2108.7140	2127.2170	2106.7140	2126.6140
2014-07-28	2135.2490	2181.4960	2135.2490	2177.9480
2014-07-29	2179.8260	2193.5230	2172.1020	2183.1920
2014-07-30	2178.1790	2194.5720	2177.2440	2181.2430
2014-07-31	2179.5430	2202.1260	2173.9000	2201.5620
2014-08-01	2194.1700	2218.7890	2184.6410	2185.3030
2014-08-04	2190.0360	2224.0680	2186.9170	2223.3310
2014-08-05	2224.6320	2226.8380	2206.8500	2219.9450
2014-08-06	2212.0030	2223.8930	2192.9930	2217.4650
2014-08-07	2216.6590	2220.5680	2185.7630	2187.6690
2014-08-08	2188.7090	2199.5780	2180.5970	2194.4250
2014-08-11	2199.4330	2225.9610	2198.3140	2224.6540
2014-08-12	2222.6960	2222.9790	2210.0000	2221.5950
2014-08-13	2223.0510	2230.9910	2202.4430	2222.8770
2014-08-14	2221.5410	2230.8940	2204.3840	2206.4660
2014-08-15	2207.2260	2230.8720	2203.2420	2226.7340
2014-08-18	2229.8040	2242.0350	2228.1340	2239.4660
2014-08-19	2242.3400	2246.0160	2227.9250	2245.3300
2014-08-20	2241.6640	2248.9390	2233.8920	2240.2110
2014-08-21	2239.5680	2240.0770	2211.6300	2230.4580
2014-08-22	2228.9740	2243.3030	2225.2670	2240.8120
2014-08-25	2241.1000	2241.5530	2222.0090	2229.2740
2014-08-26	2225.2910	2232.7850	2200.6180	2207.1060
2014-08-27	2207.0300	2216.6700	2204.0480	2209.4650
2014-08-28	2210.4840	2219.4730	2194.8610	2195.8180
2014-08-29	2198.9460	2218.6960	2193.2630	2217.2000
2014-09-01	2220.1290	2236.2860	2217.6850	2235.5110
2014-09-02	2239.6840	2267.5090	2234.3780	2266.0460
2014-09-03	2268.3950	2290.5470	2268.1000	2288.6270
2014-09-04	2290.0290	2307.7010	2283.2770	2306.8620
2014-09-05	2311.3050	2327.5570	2307.4470	2326.4320
2014-09-09	2328.4260	2331.9170	2315.8940	2326.5270
2014-09-10	2318.4960	2321.9080	2306.4210	2318.3050
2014-09-11	2315.7320	2343.5950	2304.6020	2311.6790
2014-09-12	2308.3460	2331.9500	2302.7750	2331.9500
2014-09-15	2330.1870	2340.4490	2321.5930	2339.1400
2014-09-16	2341.0270	2347.9350	2293.8690	2296.5550
2014-09-17	2298.9820	2309.0480	2282.7950	2307.8930
2014-09-18	2303.8500	2319.8750	2297.9310	2315.9280
2014-09-19	2312.9840	2331.5610	2305.5170	2329.4510
2014-09-22	2323.5540	2323.5540	2284.3780	2289.8660
2014-09-23	2289.0910	2311.5250	2289.0240	2309.7180
2014-09-24	2302.2310	2345.7470	2297.8760	2343.5750
2014-09-25	2352.8650	2365.1540	2336.8050	2345.1030
2014-09-26	2339.2880	2350.1090	2329.9550	2347.7180
2014-09-29	2353.7080	2363.0590	2346.5790	2357.7110
2014-09-30	2361.3180	2365.4910	2354.2680	2363.8700
2014-10-08	2368.5760	2382.7940	2354.2900	2382.7940
2014-10-09	2383.8590	2391.3480	2367.1110	2389.3710
2014-10-10	2380.7550	2386.2770	2365.0750	2374.5400
2014-10-13	2366.4260	2366.8620	2341.1240	2366.0090
2014-10-14	2362.8020	2380.5150	2349.1940	2359.4750
2014-10-15	2358.2330	2374.8080	2344.3730	2373.6700
2014-10-16	2361.1300	2389.6750	2353.4060	2356.4990
2014-10-17	2352.7840	2360.5970	2312.8260	2341.1840
2014-10-20	2346.0520	2357.5090	2340.4590	2356.7280
2014-10-21	2355.0330	2361.6530	2337.5510	2339.6570
2014-10-22	2339.2230	2352.1240	2324.5900	2326.5530
2014-10-23	2322.3160	2329.9270	2297.3300	2302.4180
2014-10-24	2303.0800	2314.8750	2296.6570	2302.2800
2014-10-27	2293.5730	2293.6440	2279.8360	2290.4370
2014-10-28	2294.0120	2338.2780	2294.0120	2337.8710
2014-10-29	2343.7200	2381.6430	2339.7120	2373.0300
2014-10-30	2371.8910	2397.2560	2365.9190	2391.0760
2014-10-31	2393.1780	2423.5960	2384.4830	2420.1780
2014-11-03	2425.2250	2436.7850	2418.1670	2430.0320
2014-11-04	2428.2710	2435.2230	2417.2210	2430.6770
2014-11-05	2432.1690	2434.3630	2415.5020	2419.2540
2014-11-06	2419.6170	2426.8900	2401.7500	2425.8640
2014-11-07	2427.8980	2454.4230	2407.4420	2418.1710
2014-11-10	2436.6280	2474.1560	2428.1850	2473.6730
2014-11-11	2483.6480	2508.6230	2445.9600	2469.6730
2014-11-12	2454.6020	2494.9170	2444.8140	2494.4760
2014-11-13	2494.9980	2507.7430	2471.4070	2485.6060
2014-11-14	2477.9660	2481.0250	2457.0450	2478.8240
2014-11-17	2506.8640	2508.7670	2472.4460	2474.0090
2014-11-18	2474.1820	2477.0520	2449.8130	2456.3660
2014-11-19	2452.1500	2461.4910	2442.7100	2450.9860
2014-11-20	2443.2760	2458.3190	2437.4760	2452.6600
2014-11-21	2452.6350	2488.2010	2446.6460	2486.7910
2014-11-24	2505.5320	2546.7460	2495.5210	2532.8790
2014-11-25	2531.9980	2568.3810	2527.0770	2567.5970
2014-11-26	2572.6490	2605.0700	2570.4040	2604.3450
2014-11-27	2615.3670	2631.3990	2599.1080	2630.4860
2014-11-28	2629.6260	2683.1800	2622.0610	2682.8350
2014-12-01	2691.7250	2720.7430	2668.8410	2680.1550
2014-12-02	2667.8200	2777.3720	2665.6860	2763.5450
2014-12-03	2768.6780	2824.1790	2733.8680	2779.5250
2014-12-04	2783.4690	2900.5080	2772.4320	2899.4560
2014-12-05	2926.5730	2978.0290	2813.0520	2937.6470
2014-12-08	2907.8150	3041.6570	2879.8470	3020.2580
2014-12-09	2992.4900	3091.3240	2834.5920	2856.2690
2014-12-10	2855.9400	2946.7070	2807.6780	2940.0060
2014-12-11	2912.3460	2965.6750	2892.6110	2925.7430
2014-12-12	2929.3600	2962.5100	2914.9560	2938.1730
2014-12-15	2921.4460	2960.2270	2890.9040	2953.4210
2014-12-16	2953.8110	3021.8970	2943.9120	3021.5180
2014-12-17	3031.9520	3076.5990	2993.3330	3061.0200
2014-12-18	3062.8010	3089.7910	3030.3190	3057.5210
2014-12-19	3053.0750	3117.5270	3018.4210	3108.5960
2014-12-22	3129.2670	3189.8670	3090.5090	3127.4450
2014-12-23	3085.0800	3136.8380	3025.6670	3032.6120
2014-12-24	3039.2060	3050.5070	2934.9110	2972.5320
2014-12-25	2992.4620	3073.3450	2969.8740	3072.5360
2014-12-26	3078.0050	3164.1550	3064.1760	3157.6030
2014-12-29	3212.5590	3223.8600	3126.9440	3168.0160
2014-12-30	3160.8010	3190.2990	3130.3530	3165.8150
2014-12-31	3172.5970	3239.3570	3157.2590	3234.6770
2015-01-05	3258.6270	3369.2810	3253.8830	3350.5190
2015-01-06	3330.7990	3394.2240	3303.1840	3351.4460
2015-01-07	3326.6490	3374.8960	3312.2110	3373.9540
2015-01-08	3371.9570	3381.5660	3285.0950	3293.4560
2015-01-09	3276.9650	3404.8340	3267.5090	3285.4120
2015-01-12	3258.2130	3275.1850	3191.5820	3229.3160
2015-01-13	3223.5420	3259.3860	3214.4120	3235.3010
2015-01-14	3242.3370	3268.4830	3193.9780	3222.4370
2015-01-15	3224.0700	3337.0840	3207.5450	3336.4550
2015-01-16	3343.6030	3400.3180	3340.4900	3376.4950
2015-01-19	3189.7270	3262.2070	3095.0660	3116.3510
2015-01-20	3114.5600	3190.2450	3100.4770	3173.0520
2015-01-21	3189.0850	3337.0040	3178.3430	3323.6110
2015-01-22	3327.3190	3352.3840	3293.9780	3343.3440
2015-01-23	3357.0960	3406.7860	3328.2930	3351.7640
2015-01-26	3347.2570	3384.7980	3321.3150	3383.1820
2015-01-27	3389.8530	3390.2160	3290.2190	3352.9600
2015-01-28	3325.7220	3354.8020	3294.6550	3305.7380
2015-01-29	3258.9970	3286.7860	3234.2410	3262.3050
2015-01-30	3273.7470	3288.5030	3210.3080	3210.3630
2015-02-02	3148.1360	3175.1340	3122.5720	3128.3000
2015-02-03	3156.0860	3207.9350	3129.7320	3204.9070
2015-02-04	3212.8220	3238.9820	3171.1440	3174.1260
2015-02-05	3251.2120	3251.2120	3135.8190	3136.5310
2015-02-06	3120.0900	3129.5390	3052.9390	3075.9070
2015-02-09	3063.5100	3119.0340	3049.1110	3095.1240
2015-02-10	3090.4900	3142.0990	3084.2530	3141.5930
2015-02-11	3145.7650	3166.4210	3139.0520	3157.7040
2015-02-12	3157.9590	3181.7660	3134.2440	3173.4160
2015-02-13	3186.8080	3237.1590	3182.7940	3203.8270
2015-02-16	3206.1370	3228.8460	3195.8840	3222.3630
2015-02-17	3230.8840	3255.7250	3230.7720	3246.9060
2015-02-25	3256.4790	3257.2230	3215.5520	3228.8430
2015-02-26	3222.1510	3300.6160	3202.1880	3298.3590
2015-02-27	3296.8310	3324.5460	3291.0070	3310.3030
2015-03-02	3332.7210	3336.7600	3298.6690	3336.2850
2015-03-03	3317.6950	3317.6950	3260.4290	3263.0520
2015-03-04	3264.1820	3286.5880	3250.4840	3279.5330
2015-03-05	3264.0850	3266.6380	3221.6660	3248.4760
2015-03-06	3248.0360	3266.9330	3234.5330	3241.1870
2015-03-09	3224.3140	3307.7020	3198.3700	3302.4080
2015-03-10	3289.0850	3309.9150	3277.0950	3286.0680
2015-03-11	3289.5940	3325.0540	3278.4710	3290.9000
2015-03-12	3314.8130	3360.0540	3300.4880	3349.3230
2015-03-13	3359.4880	3391.2550	3352.1500	3372.9110
2015-03-16	3391.1580	3449.3050	3377.0870	3449.3050
2015-03-17	3469.6030	3504.1230	3459.6940	3502.8470
2015-03-18	3510.5010	3577.6620	3503.8530	3577.3010
2015-03-19	3576.0190	3600.6840	3546.8440	3582.2710
2015-03-20	3587.0840	3632.3380	3569.3800	3617.3180
2015-03-23	3640.1040	3688.2490	3635.4850	3687.7280
2015-03-24	3692.5690	3715.8730	3600.6980	3691.4100
2015-03-25	3680.9530	3693.1510	3634.5590	3660.7270
2015-03-26	3641.9420	3707.3180	3615.0110	3682.0950
2015-03-27	3686.1340	3710.4770	3656.8310	3691.0960
2015-03-30	3710.6120	3795.9350	3710.6120	3786.5680
2015-03-31	3822.9870	3835.5670	3737.0430	3747.8990
2015-04-01	3748.3400	3817.0820	3742.2130	3810.2940
2015-04-02	3827.6890	3835.4510	3775.8940	3825.7840
2015-04-03	3803.3830	3864.4050	3792.2110	3863.9290
2015-04-07	3899.4200	3961.6660	3891.7280	3961.3780
2015-04-08	3976.5320	4000.2200	3903.6480	3994.8110
2015-04-09	4006.1300	4016.3960	3900.0270	3957.5340
2015-04-10	3947.4920	4040.3480	3929.3190	4034.3100
2015-04-13	4072.7230	4128.0720	4057.2930	4121.7150
2015-04-14	4125.7820	4168.3460	4091.2570	4135.5650
2015-04-15	4135.6480	4175.4940	4069.0070	4084.1630
2015-04-16	4055.9160	4195.3050	4031.2440	4194.8230
2015-04-17	4254.7230	4317.2230	4238.9100	4287.2960
2015-04-20	4301.3520	4356.0010	4190.6810	4217.0770
2015-04-21	4212.1850	4294.3750	4188.5690	4293.6230
2015-04-22	4304.5970	4400.1930	4297.9510	4398.4940
2015-04-23	4414.4850	4444.4100	4358.8440	4414.5080
2015-04-24	4355.9510	4416.3760	4318.1190	4393.6860
2015-04-27	4441.9290	4529.7350	4441.9290	4527.3960
2015-04-28	4527.6350	4572.3910	4432.9040	4476.2150
2015-04-29	4446.1190	4499.9450	4398.6390	4476.6200
2015-04-30	4483.0130	4507.3440	4441.0540	4441.6550
2015-05-04	4441.3430	4487.5700	4387.4260	4480.4640
2015-05-05	4479.8480	4488.8650	4282.2370	4298.7060
2015-05-06	4311.6410	4376.3530	4187.3680	4229.2660
2015-05-07	4197.8960	4213.7640	4108.0090	4112.2140
2015-05-08	4152.9840	4206.8600	4099.0420	4205.9170
2015-05-11	4231.2710	4334.8770	4187.8200	4333.5840
2015-05-12	4342.3700	4402.3090	4317.9750	4401.2190
2015-05-13	4402.3780	4415.6290	4342.4810	4375.7600
2015-05-14	4372.8160	4397.7450	4329.0420	4378.3110
2015-05-15	4366.8220	4366.8220	4278.5530	4308.6910
2015-05-18	4277.8950	4324.8260	4260.5090	4283.4910
2015-05-19	4285.7770	4418.4030	4285.7770	4417.5520
2015-05-20	4434.9790	4520.5380	4432.2790	4446.2880
2015-05-21	4456.4350	4530.4780	4438.2580	4529.4220
2015-05-22	4584.9840	4658.2730	4562.9890	4657.5960
2015-05-25	4660.0750	4814.6720	4656.8250	4813.7980
2015-05-26	4854.8500	4911.6850	4779.0750	4910.8970
2015-05-27	4932.8460	4958.1560	4857.0560	4941.7140
2015-05-28	4943.7420	4986.5030	4614.2410	4620.2660
2015-05-29	4603.4650	4698.1930	4431.5630	4611.7440
2015-06-01	4633.0980	4829.5020	4615.2310	4828.7380
2015-06-02	4844.7040	4911.5740	4797.5520	4910.5270
2015-06-03	4924.3810	4942.0650	4822.4420	4909.9780
2015-06-04	4912.9450	4947.9650	4647.4070	4947.1020
2015-06-05	5016.0880	5051.6260	4898.0680	5023.0960
2015-06-08	5045.6940	5146.9490	4997.4810	5131.8810
2015-06-09	5145.9780	5147.4540	5042.9630	5113.5340
2015-06-10	5049.1965	5164.1622	5001.4894	5106.0359
2015-06-11	5101.4398	5122.4566	5050.7646	5121.5925
2015-06-12	5143.3431	5178.1910	5103.4007	5166.3500
2015-06-15	5174.4182	5176.7945	5048.7419	5062.9929
2015-06-16	5004.4118	5029.6836	4842.0999	4887.4320
2015-06-17	4890.5511	4983.6580	4767.2160	4967.8983
2015-06-18	4942.5198	4966.7668	4780.8731	4785.3560
2015-06-19	4689.9286	4744.0812	4476.5008	4478.3643
2015-06-23	4471.6130	4577.9394	4264.7724	4576.4922
2015-06-24	4604.5792	4691.7676	4552.1285	4690.1497
2015-06-25	4711.7632	4720.7005	4483.5477	4527.7789
2015-06-26	4399.9330	4456.8958	4139.5304	4192.8734
2015-06-29	4289.7713	4297.4747	3875.0499	4053.0304
2015-06-30	4006.7537	4279.9690	3847.8799	4277.2219
2015-07-01	4214.1499	4317.0527	4043.3667	4053.6997
2015-07-02	4058.6241	4080.3873	3795.2532	3912.7668
2015-07-03	3793.7121	3927.1275	3629.5556	3686.9153
2015-07-06	3975.2142	3975.2142	3653.0371	3775.9122
2015-07-07	3654.7775	3750.5696	3585.3989	3727.1248
2015-07-08	3467.3986	3599.2532	3421.5252	3507.1923
2015-07-09	3432.4536	3748.4785	3373.5396	3709.3304
2015-07-10	3707.4577	3959.2196	3677.4345	3877.8034
2015-07-13	3918.9895	4030.1947	3858.6368	3970.3878
2015-07-14	3958.3729	4035.4345	3855.5600	3924.4871
2015-07-15	3874.9681	3914.2732	3741.2503	3805.7033
2015-07-16	3758.5045	3877.5141	3688.4415	3823.1755
2015-07-17	3831.4205	3994.4767	3814.1467	3957.3516
2015-07-20	3948.4208	4021.3255	3927.1214	3992.1096
2015-07-21	3939.8978	4041.8194	3912.8013	4017.6748
2015-07-22	3996.4268	4042.3381	3960.8636	4026.0450
2015-07-23	4022.2677	4132.6119	4019.0382	4123.9234
2015-07-24	4124.7549	4184.4487	4044.8311	4070.9080
2015-07-27	3985.5702	4051.1588	3720.4441	3725.5582
2015-07-28	3573.1428	3762.5256	3537.3576	3663.0024
2015-07-29	3689.8249	3792.0722	3612.0641	3789.1680
2015-07-30	3773.7884	3844.3740	3685.9555	3705.7656
2015-07-31	3655.6668	3729.5123	3620.1653	3663.7256
2015-08-03	3614.9900	3648.9430	3549.4962	3622.9051
2015-08-04	3621.8549	3757.0292	3601.2892	3756.5449
2015-08-05	3745.6459	3782.3522	3676.3900	3694.5733
2015-08-06	3625.5035	3710.5699	3614.7419	3661.5392
2015-08-07	3692.6143	3756.7398	3686.2996	3744.2045
2015-08-10	3786.0326	3943.6236	3775.8535	3928.4154
2015-08-11	3928.8075	3970.3367	3891.1790	3927.9083
2015-08-12	3881.2275	3937.7723	3871.1358	3886.3198
2015-08-13	3869.9108	3955.7894	3838.1590	3954.5561
2015-08-14	3976.4054	4000.6843	3939.8350	3965.3349
2015-08-17	3947.8444	3994.5371	3907.3991	3993.6677
2015-08-18	3999.1336	4006.3372	3743.3939	3748.1639
2015-08-19	3646.8032	3811.4270	3558.3827	3794.1094
2015-08-20	3754.5667	3788.0054	3663.6067	3664.2907
2015-08-21	3609.9587	3652.8368	3490.5401	3507.7440
2015-08-24	3373.4776	3388.3638	3191.8790	3209.9050
2015-08-25	3004.1261	3123.0339	2947.9440	2964.9674
2015-08-26	2980.7941	3092.0406	2850.7135	2927.2880
2015-08-27	2978.0296	3085.4222	2906.4901	3083.5912
2015-08-28	3125.2635	3235.8385	3102.9451	3232.3495
2015-08-31	3203.5590	3207.8621	3109.1627	3205.9855
2015-09-01	3157.8318	3180.3312	3053.7377	3166.6239
2015-09-02	3027.6782	3194.4847	3019.0866	3160.1670
2015-09-07	3149.3796	3217.5787	3066.3039	3080.4201
2015-09-08	3054.4440	3174.7094	3011.1170	3170.4522
2015-09-09	3182.5524	3256.7433	3165.6955	3243.0889
2015-09-10	3190.5530	3243.2808	3178.9042	3197.8932
2015-09-11	3189.4788	3223.7622	3163.4489	3200.2337
2015-09-14	3221.1654	3229.4818	3049.2298	3114.7980
2015-09-15	3043.8047	3081.7028	2983.9203	3005.1722
2015-09-16	2998.0358	3182.9343	2983.5352	3152.2632
2015-09-17	3131.9823	3204.7019	3085.3142	3086.0611
2015-09-18	3100.2796	3122.0478	3070.3355	3097.9172
2015-09-21	3072.0942	3159.8825	3060.8557	3156.5399
2015-09-22	3161.3179	3213.4755	3152.4805	3185.6187
2015-09-23	3137.7230	3164.0406	3104.7439	3115.8881
2015-09-24	3126.4906	3151.1646	3109.6911	3142.6869
2015-09-25	3130.8513	3149.9481	3062.9952	3092.3470
2015-09-28	3085.5674	3103.0685	3042.3103	3100.7559
2015-09-29	3055.2176	3068.2976	3021.1570	3038.1368
2015-09-30	3052.8408	3073.2998	3039.7418	3052.7814
2015-10-08	3156.0747	3172.2814	3133.1266	3143.3573
2015-10-09	3146.6438	3192.7165	3137.7881	3183.1516
2015-10-12	3193.5397	3318.7139	3188.4066	3287.6624
2015-10-13	3262.1559	3298.6259	3253.2486	3293.2301
2015-10-14	3280.0198	3307.3154	3256.2531	3262.4414
2015-10-15	3255.0315	3338.2966	3254.3923	3338.0730
2015-10-16	3358.2972	3393.0178	3334.8539	3391.3516
2015-10-19	3401.6272	3423.4021	3355.5661	3386.7003
2015-10-20	3377.5467	3425.5155	3357.8608	3425.3303
2015-10-21	3428.5608	3447.2577	3265.4359	3320.6761
2015-10-22	3292.2908	3373.7760	3282.9930	3368.7388
2015-10-23	3377.5483	3422.0223	3360.2179	3412.4338
2015-10-26	3448.6487	3457.5170	3402.0000	3429.5809
2015-10-27	3409.1366	3441.5651	3332.6157	3434.3360
2015-10-28	3417.0106	3439.7582	3367.2311	3375.1961
2015-10-29	3387.7743	3411.7144	3362.5094	3387.3154
2015-10-30	3380.2838	3417.2013	3346.5907	3382.5612
2015-11-02	3337.5782	3391.0641	3322.3117	3325.0846
2015-11-03	3330.3163	3346.2749	3302.1835	3316.6954
2015-11-04	3325.6187	3459.6459	3325.6187	3459.6396
2015-11-05	3459.2151	3585.6571	3455.5251	3522.8185
2015-11-06	3514.4356	3596.3821	3508.8270	3590.0324
2015-11-09	3588.4983	3673.7595	3588.4983	3646.8811
2015-11-10	3617.3960	3669.5325	3607.8909	3640.4853
2015-11-11	3635.0036	3654.8773	3605.6209	3650.2494
2015-11-12	3656.8171	3659.3146	3603.2284	3632.9016
2015-11-13	3600.7639	3632.5562	3564.8093	3580.8388
2015-11-16	3522.4608	3607.6117	3519.4211	3606.9574
2015-11-17	3629.9765	3678.2725	3598.0682	3604.7951
2015-11-18	3605.0606	3617.0688	3558.6968	3568.4676
2015-11-19	3573.7760	3618.2130	3561.0440	3617.0620
2015-11-20	3620.7909	3640.5292	3607.9152	3630.4995
2015-11-23	3630.8665	3654.7543	3598.8708	3610.3195
2015-11-24	3602.8870	3616.4841	3563.1040	3616.1125
2015-11-25	3614.0681	3648.3667	3607.5178	3647.9300
2015-11-26	3659.5742	3668.3764	3629.8648	3635.5521
2015-11-27	3616.5441	3621.8965	3412.4272	3436.3030
2015-11-30	3433.8551	3470.3708	3327.8115	3445.4048
2015-12-01	3442.4412	3483.4139	3417.5450	3456.3085
2015-12-02	3450.2780	3538.8465	3427.6613	3536.9051
2015-12-03	3525.7274	3591.7300	3517.2303	3584.8237
2015-12-04	3558.1489	3568.9701	3510.4119	3524.9920
2015-12-07	3529.8063	3543.9454	3506.6248	3536.9272
2015-12-08	3518.6484	3518.6484	3466.7896	3470.0698
2015-12-09	3462.5827	3495.7017	3454.8794	3472.4394
2015-12-10	3469.8059	3503.6535	3446.2730	3455.4951
2015-12-11	3441.5973	3455.5484	3410.9238	3434.5813
2015-12-14	3403.5065	3521.7794	3399.2803	3520.6682
2015-12-15	3518.1260	3529.9610	3496.8540	3510.3540
2015-12-16	3522.0908	3538.6893	3506.2909	3516.1867
2015-12-17	3533.6280	3583.4080	3533.6280	3579.9990
2015-12-18	3574.9400	3614.6980	3568.1610	3578.9640
2015-12-21	3568.5810	3651.0560	3565.7510	3642.4720
2015-12-22	3645.9900	3652.6350	3616.8700	3651.7670
2015-12-23	3653.2820	3684.5670	3633.0250	3636.0890
2015-12-24	3631.3130	3640.2210	3572.2770	3612.4850
2015-12-25	3614.0540	3635.2560	3601.7380	3627.9140
2015-12-28	3635.7690	3641.5880	3533.7790	3533.7790
2015-12-29	3528.3950	3564.1710	3515.5200	3563.7360
2015-12-30	3566.7310	3573.6840	3538.1120	3572.8760
2015-12-31	3570.4670	3580.6020	3538.3530	3539.1820
2016-01-04	3536.5890	3538.6890	3295.7410	3296.2580
2016-01-05	3196.6510	3328.1390	3189.6050	3287.7110
2016-01-06	3291.1950	3362.9740	3288.9330	3361.8400
2016-01-07	3309.6570	3309.6570	3115.8850	3125.0020
2016-01-08	3194.6250	3235.4510	3056.8780	3186.4120
2016-01-11	3131.8530	3166.2150	3016.6970	3016.7040
2016-01-12	3026.1590	3047.6640	2978.4630	3022.8610
2016-01-13	3041.1070	3059.0150	2949.2900	2949.5970
2016-01-14	2874.0490	3012.2930	2867.5530	3007.6490
2016-01-15	2988.0483	3001.7081	2883.8679	2900.9698
2016-01-18	2847.5389	2945.4496	2844.7042	2913.8367
2016-01-19	2914.4078	3012.0684	2906.4038	3007.7393
2016-01-20	2993.0140	3016.2830	2951.9220	2976.6940
2016-01-21	2934.3910	2998.7900	2880.0850	2880.4820
2016-01-22	2911.1120	2931.3590	2851.7330	2916.5620
2016-01-25	2934.0780	2955.7830	2911.8290	2938.5150
2016-01-26	2907.7180	2911.9910	2743.8390	2749.7850
2016-01-27	2756.0820	2768.7720	2638.3020	2735.5580
2016-01-28	2711.1580	2740.5360	2647.4930	2655.6610
2016-01-29	2652.8540	2755.3670	2649.7910	2737.6000
2016-02-01	2730.9840	2735.2550	2655.6230	2688.8540
2016-02-02	2687.9820	2755.1590	2687.9820	2749.5700
2016-02-03	2719.5740	2746.0720	2696.8840	2739.2470
2016-02-04	2751.4320	2793.2980	2751.3140	2781.0230
2016-02-05	2783.0760	2790.0610	2762.1600	2763.4920
2016-02-15	2684.9610	2760.3590	2682.0900	2746.1960
2016-02-16	2758.5790	2840.6220	2758.5790	2836.5710
2016-02-17	2829.7640	2868.7010	2824.3560	2867.3380
2016-02-18	2881.7770	2893.2150	2857.6990	2862.8930
2016-02-19	2854.9040	2872.7240	2840.4880	2860.0210
2016-02-22	2888.5980	2933.9640	2880.3470	2927.1750
2016-02-23	2925.7080	2928.0480	2872.2820	2903.3310
2016-02-24	2889.8850	2929.8710	2872.2740	2928.8960
2016-02-25	2922.2370	2922.2370	2729.8510	2741.2450
2016-02-26	2760.0580	2784.7530	2715.8740	2767.2100
2016-02-29	2754.8140	2755.8900	2638.9630	2687.9790
2016-03-01	2688.3800	2747.5620	2668.7570	2733.1700
2016-03-02	2733.7670	2852.7000	2732.5390	2849.6810
2016-03-03	2847.3310	2878.4450	2840.8740	2859.7580
2016-03-04	2848.5380	2880.3720	2808.8490	2874.1470
2016-03-07	2886.6400	2911.8390	2871.3460	2897.3400
2016-03-08	2895.6660	2902.6210	2802.5630	2901.3870
2016-03-09	2839.4110	2863.0150	2811.7180	2862.5560
2016-03-10	2847.5670	2863.1760	2803.4760	2804.7260
2016-03-11	2781.6000	2815.6070	2772.5510	2810.3070
2016-03-14	2830.0840	2889.8160	2823.0280	2859.4990
2016-03-15	2853.9780	2865.7870	2819.7950	2864.3680
2016-03-16	2858.7090	2881.5290	2854.1920	2870.4300
2016-03-17	2875.4110	2921.0000	2857.1910	2904.8320
2016-03-18	2915.5180	2971.5510	2908.7420	2955.1500
2016-03-21	2978.4550	3028.3220	2973.7580	3018.8020
2016-03-22	3001.6300	3019.1010	2988.4260	2999.3630
2016-03-23	2991.1690	3012.5600	2980.8550	3009.9600
2016-03-24	2986.8010	2998.1540	2960.5370	2960.9700
2016-03-25	2956.2000	2981.4080	2952.1060	2979.4340
2016-03-28	2988.0100	3008.1680	2948.5260	2957.8200
2016-03-29	2956.7050	2962.2030	2905.2510	2919.8320
2016-03-30	2941.2180	3001.1060	2941.2180	3000.6450
2016-03-31	3009.3670	3023.4090	2992.9160	3003.9150
2016-04-01	2997.0880	3009.6730	2956.2470	3009.5300
2016-04-05	3000.9380	3057.3300	2993.1480	3053.0650
2016-04-06	3039.7450	3059.7940	3029.0050	3050.5920
2016-04-07	3058.3390	3062.3580	3007.0600	3008.4200
2016-04-08	2988.2000	2996.1710	2960.4600	2984.9580
2016-04-11	3006.9090	3048.9770	3006.9090	3033.9570
2016-04-12	3031.3010	3036.8250	3001.3150	3023.6460
2016-04-13	3041.3580	3097.1650	3041.3580	3066.6380
2016-04-14	3080.0900	3086.6980	3056.9890	3082.3620
2016-04-15	3085.0260	3089.9510	3066.8720	3078.1170
2016-04-18	3058.4630	3058.4630	3022.9700	3033.6600
2016-04-19	3047.1330	3054.5030	3024.8950	3042.8230
2016-04-20	3050.3810	3055.6890	2905.0490	2972.5840
2016-04-21	2954.3700	2990.6730	2943.4640	2952.8910
2016-04-22	2933.0350	2960.2090	2926.7760	2959.2400
2016-04-25	2949.9730	2954.0920	2917.0200	2946.6700
2016-04-26	2944.7160	2965.4290	2933.9710	2964.7000
2016-04-27	2967.1900	2976.0220	2949.4320	2953.6710
2016-04-28	2955.7420	2959.5120	2916.3740	2945.5890
2016-04-29				2945.5890
